"","AAPL","MSFT","GOOGL","AMZN","TSLA","JPM","BAC","V","PG","KO","WMT","PEP","CVX","XOM","SLB","BA","UPS","CAT","MMM","JNJ","PFE","MRNA","DIS","NFLX","T","NVDA","ORCL","INTC","LMT","GS","COST","BTC.USD","ETH.USD","LTC.USD","XRP.USD"
"AAPL",1,0.769601868817714,0.663172291447614,0.670034595292751,0.476585704811865,0.413804910795151,0.44892530117715,0.594779929228658,0.541870785703793,0.4610367828001,0.434726193991784,0.597699417803715,0.35378251554862,0.383745089019177,0.335720566136083,0.431498054203972,0.490941166088779,0.38955420349002,0.420339295730796,0.500038961803844,0.37176955999144,0.0594072317309686,0.449057612467711,0.513761798354946,0.436366940061567,0.724466990244769,0.539140389805859,0.52414929185164,0.470315171775169,0.514404218487764,0.587213294020446,0.344266298064092,0.343442395880855,0.317412127483602,0.185612256143697
"MSFT",0.769601868817714,1,0.8299508074684,0.712689880645926,0.541396069664301,0.449201088279725,0.471421681426462,0.726297882648142,0.605584288355205,0.508473027100001,0.496858898200783,0.619549224658027,0.409259313094712,0.418987622617516,0.424636670793307,0.448980908123247,0.449203507101578,0.413988391495427,0.462614234640476,0.591403662879259,0.453244074278244,0.101030643076071,0.548409967243564,0.5716271947132,0.496358159880364,0.753144791923284,0.622999955739877,0.611360371484248,0.539376292408147,0.539939024500941,0.675927833037582,0.373444404739671,0.368278756369349,0.334752370268988,0.245923641185176
"GOOGL",0.663172291447614,0.8299508074684,1,0.638061492818558,0.485105246243306,0.498542679133724,0.510032490607455,0.75431095724775,0.545456541750044,0.543169172386501,0.404899804622428,0.558633004726421,0.461305702329778,0.486680624025695,0.51818517176372,0.483510916390005,0.451557984646023,0.481797447364513,0.509262880978912,0.559638902754935,0.485039530413232,0.010287724071525,0.597579954405685,0.477149236466547,0.533523456289652,0.653789091114131,0.551231440557858,0.572202151032821,0.529987465858671,0.578669781566913,0.585158787538288,0.35247841672421,0.34185389994637,0.294460835549517,0.186524408003519
"AMZN",0.670034595292751,0.712689880645926,0.638061492818558,1,0.438732386537093,0.172939683132517,0.220960105176082,0.374155508673347,0.444858620506933,0.229066150607723,0.420843198320991,0.424320433338497,0.107836840322296,0.182152880754675,0.19639184631836,0.204425993215702,0.382984948026376,0.187271405767152,0.221683605100408,0.339272684887652,0.264940419688508,0.0472963511776281,0.327137234179175,0.641892835155384,0.268901377970875,0.653123500171077,0.49170729904059,0.445417243797015,0.304366274224657,0.293007769346818,0.568385866124733,0.297137333087247,0.281984208694685,0.263489096782959,0.144893953135118
"TSLA",0.476585704811865,0.541396069664301,0.485105246243306,0.438732386537093,1,0.304810274878756,0.302447197416162,0.46770679354477,0.20976995534304,0.290522283950298,0.166821907158096,0.298339551660306,0.363090195217208,0.292634438350269,0.345722764041851,0.338691270038706,0.179601555264699,0.201382589839892,0.218384572647349,0.220703734137559,0.19189660627868,0.0523669533733191,0.350601552293143,0.427774217907908,0.237014308067288,0.536476620498196,0.260904619851806,0.338507731944458,0.224318271424768,0.392408962023425,0.294732337174181,0.244344034637885,0.27689084657237,0.237668239520965,0.212273129997799
"JPM",0.413804910795151,0.449201088279725,0.498542679133724,0.172939683132517,0.304810274878756,1,0.936896695546852,0.696360769685985,0.366446551364524,0.69450819301065,0.153226117272635,0.489345985418047,0.758765835774345,0.728527029950981,0.723606359219851,0.695237389769185,0.400822467776329,0.721180893858494,0.607455512230281,0.449491711847089,0.475343752135526,-0.0557995207687368,0.679212501487063,0.0783095920399622,0.702516964271923,0.306273947605487,0.520980035926954,0.433777235041336,0.576117682845371,0.857260102291043,0.269915817336847,0.258757333417171,0.240838013646253,0.217993829707975,0.20225259230945
"BAC",0.44892530117715,0.471421681426462,0.510032490607455,0.220960105176082,0.302447197416162,0.936896695546852,1,0.696726168748178,0.428489121922129,0.673720259212282,0.20887797691179,0.54337295606752,0.712253732441272,0.757148951295642,0.719938912133264,0.648971724144789,0.440000266739409,0.751685631535232,0.685405159409836,0.481663472831842,0.473732673834221,-0.0501533435564288,0.693722576302751,0.0841928296127772,0.735991327931669,0.339126262671711,0.562548152769542,0.451445795275925,0.588111251910273,0.84549321660145,0.302863232618242,0.293235761326095,0.26800529967405,0.246086000128256,0.222468079531501
"V",0.594779929228658,0.726297882648142,0.75431095724775,0.374155508673347,0.46770679354477,0.696360769685985,0.696726168748178,1,0.526691014575952,0.677752980322866,0.318367350192098,0.576511389200003,0.6817397244146,0.668222925618876,0.66834665520343,0.622312433998774,0.441304223177648,0.620510815552374,0.675917696969052,0.62002547297673,0.527939255503823,-0.00740693122943985,0.726888466854142,0.252244008612183,0.638226961354532,0.581510965043905,0.539612520253664,0.542966443520968,0.643368417392096,0.702902990201901,0.509038801797707,0.351918517799741,0.357270441771092,0.301708744849975,0.248608395540934
"PG",0.541870785703793,0.605584288355205,0.545456541750044,0.444858620506933,0.20976995534304,0.366446551364524,0.428489121922129,0.526691014575952,1,0.61878532765034,0.66986944115525,0.77562463318352,0.269612476164691,0.364573415619523,0.29896360543011,0.303855701104809,0.560843806654748,0.465513943474047,0.549615306665418,0.761345112825983,0.587280822929319,0.179391140032387,0.403121590548458,0.326410217514146,0.635649526729517,0.464022808363793,0.62894984998163,0.445555391750277,0.685018029999033,0.418323809033028,0.705927322139252,0.311761420260285,0.305813728782915,0.281897403465165,0.219763660108921
"KO",0.4610367828001,0.508473027100001,0.543169172386501,0.229066150607723,0.290522283950298,0.69450819301065,0.673720259212282,0.677752980322866,0.61878532765034,1,0.390653557208851,0.7134903479822,0.617472276357501,0.630201810095757,0.568453896535107,0.595559150303951,0.421391790492389,0.671123126422771,0.643986237655856,0.682624567473353,0.607466499525061,0.132890546307511,0.627981811982444,0.133526050856798,0.756185008975494,0.370265812041323,0.527018695409332,0.492304190950525,0.663704960773172,0.669427106173165,0.445905870351071,0.272760334412659,0.256336664967247,0.240129040325958,0.151486688149617
"WMT",0.434726193991784,0.496858898200783,0.404899804622428,0.420843198320991,0.166821907158096,0.153226117272635,0.20887797691179,0.318367350192098,0.66986944115525,0.390653557208851,1,0.603191438450041,0.0619399380643226,0.189644286204795,0.140141483084424,0.164453501076822,0.375279525226335,0.262805457328247,0.382878330422006,0.547159949509423,0.383793071855872,0.161951972379409,0.250161855205499,0.406792500660241,0.38828315516129,0.442281759488418,0.487160099548983,0.407768942784556,0.462835034285067,0.215223929619156,0.714581844968128,0.281456768085359,0.329033066572583,0.27412785848174,0.208616334744788
"PEP",0.597699417803715,0.619549224658027,0.558633004726421,0.424320433338497,0.298339551660306,0.489345985418047,0.54337295606752,0.576511389200003,0.77562463318352,0.7134903479822,0.603191438450041,1,0.375364943542818,0.446520146377102,0.316571002646246,0.39678166638118,0.454518360680565,0.50254897390104,0.577592057469645,0.677476420714901,0.587995493268853,0.172648590068849,0.479124442504104,0.319284924466457,0.648141866663471,0.55819634437508,0.663652566605614,0.551417413771181,0.703138720834649,0.522541691022313,0.627416182096246,0.329081450985403,0.306380901071177,0.283371814460657,0.212940831978361
"CVX",0.35378251554862,0.409259313094712,0.461305702329778,0.107836840322296,0.363090195217208,0.758765835774345,0.712253732441272,0.6817397244146,0.269612476164691,0.617472276357501,0.0619399380643226,0.375364943542818,1,0.835647250359554,0.791886398120058,0.674890155183217,0.257846395114463,0.61436039506474,0.53752805660811,0.424395753271,0.369224072497648,-0.0136234984856548,0.628067415043781,0.0688701183849854,0.551974360925653,0.336820108410244,0.336232666780495,0.419735382023564,0.476026890584181,0.711512818087787,0.153171535720667,0.245416767632138,0.244810097712025,0.209493390095541,0.234870419354067
"XOM",0.383745089019177,0.418987622617516,0.486680624025695,0.182152880754675,0.292634438350269,0.728527029950981,0.757148951295642,0.668222925618876,0.364573415619523,0.630201810095757,0.189644286204795,0.446520146377102,0.835647250359554,1,0.807431766080166,0.641023930329879,0.35735905120907,0.700522699990632,0.648188841328946,0.454159272934054,0.411615594163624,0.0395990648486992,0.661613154102013,0.0668625291786296,0.642759282104468,0.348992963158195,0.42596927824618,0.45137172333192,0.55672218486325,0.707050973713583,0.248057507683477,0.318977442598084,0.29908944144271,0.240133956095686,0.273523746124642
"SLB",0.335720566136083,0.424636670793307,0.51818517176372,0.19639184631836,0.345722764041851,0.723606359219851,0.719938912133264,0.66834665520343,0.29896360543011,0.568453896535107,0.140141483084424,0.316571002646246,0.791886398120058,0.807431766080166,1,0.636606430130086,0.324561688377447,0.672746452778238,0.596203201464671,0.405232403983241,0.35836340621488,0.0260481211494516,0.672451337016314,0.111453158520941,0.570519362002281,0.316741949066481,0.372710529572365,0.436021562303205,0.456445218150022,0.725381457150089,0.236668866065699,0.354557137287769,0.350955700015425,0.306460716519133,0.270457688923102
"BA",0.431498054203972,0.448980908123247,0.483510916390005,0.204425993215702,0.338691270038706,0.695237389769185,0.648971724144789,0.622312433998774,0.303855701104809,0.595559150303951,0.164453501076822,0.39678166638118,0.674890155183217,0.641023930329879,0.636606430130086,1,0.347073300892238,0.560750482150799,0.487982712948457,0.398815183789776,0.425296565806817,-0.027989475403347,0.627292211853441,0.168447204628977,0.529522010344954,0.370469608550326,0.422931506351016,0.465864392887628,0.549624347411506,0.658725678946498,0.221206451318392,0.28058571770467,0.310361840817437,0.254485677501888,0.246978155254828
"UPS",0.490941166088779,0.449203507101578,0.451557984646023,0.382984948026376,0.179601555264699,0.400822467776329,0.440000266739409,0.441304223177648,0.560843806654748,0.421391790492389,0.375279525226335,0.454518360680565,0.257846395114463,0.35735905120907,0.324561688377447,0.347073300892238,1,0.430948213319677,0.494348978018399,0.465294129412665,0.41781021938486,0.0255740045037827,0.414635966678193,0.29243946890077,0.44749041809381,0.429810288412788,0.500555117565712,0.394836935034709,0.494757846988701,0.418167316464844,0.46561686247347,0.21889811244749,0.22804891826455,0.180306428968719,0.193719996753151
"CAT",0.38955420349002,0.413988391495427,0.481797447364513,0.187271405767152,0.201382589839892,0.721180893858494,0.751685631535232,0.620510815552374,0.465513943474047,0.671123126422771,0.262805457328247,0.50254897390104,0.61436039506474,0.700522699990632,0.672746452778238,0.560750482150799,0.430948213319677,1,0.731859671885343,0.546497650550165,0.47998531403996,0.0616634634868207,0.611746530378469,0.104658536966099,0.655884072372735,0.32825505191654,0.492726862013009,0.42647781181615,0.593078617323414,0.683092417973987,0.359777606108346,0.321594057209301,0.312785277927273,0.270781487713627,0.21090172044468
"MMM",0.420339295730796,0.462614234640476,0.509262880978912,0.221683605100408,0.218384572647349,0.607455512230281,0.685405159409836,0.675917696969052,0.549615306665418,0.643986237655856,0.382878330422006,0.577592057469645,0.53752805660811,0.648188841328946,0.596203201464671,0.487982712948457,0.494348978018399,0.731859671885343,1,0.601423670120817,0.507831398688583,-0.000623002982758152,0.62494012335345,0.177877496128267,0.697479773861533,0.390802234176124,0.510610259365448,0.439045156659569,0.644554474249872,0.659543929944529,0.456078155987158,0.312420964510976,0.320191007736971,0.257495980381629,0.257325806284099
"JNJ",0.500038961803844,0.591403662879259,0.559638902754935,0.339272684887652,0.220703734137559,0.449491711847089,0.481663472831842,0.62002547297673,0.761345112825983,0.682624567473353,0.547159949509423,0.677476420714901,0.424395753271,0.454159272934054,0.405232403983241,0.398815183789776,0.465294129412665,0.546497650550165,0.601423670120817,1,0.698786621256506,0.154576635987703,0.477459931306552,0.2105439285212,0.620807474637718,0.404409547183353,0.562127607035778,0.477694945049359,0.621644010007506,0.48802393315962,0.568735606584712,0.2416959177074,0.224530245327123,0.219479423591333,0.143154039839308
"PFE",0.37176955999144,0.453244074278244,0.485039530413232,0.264940419688508,0.19189660627868,0.475343752135526,0.473732673834221,0.527939255503823,0.587280822929319,0.607466499525061,0.383793071855872,0.587995493268853,0.369224072497648,0.411615594163624,0.35836340621488,0.425296565806817,0.41781021938486,0.47998531403996,0.507831398688583,0.698786621256506,1,0.153034713886177,0.418674740329059,0.165534966888447,0.545355611994556,0.332864708531082,0.532156363344289,0.44584965683547,0.604141781425167,0.41741401110493,0.45279869113373,0.139574928559502,0.159174172222436,0.120882831950741,0.129697910544624
"MRNA",0.0594072317309686,0.101030643076071,0.010287724071525,0.0472963511776281,0.0523669533733191,-0.0557995207687368,-0.0501533435564288,-0.00740693122943985,0.179391140032387,0.132890546307511,0.161951972379409,0.172648590068849,-0.0136234984856548,0.0395990648486992,0.0260481211494516,-0.027989475403347,0.0255740045037827,0.0616634634868207,-0.000623002982758152,0.154576635987703,0.153034713886177,1,-0.0123293019721632,0.0315643570850714,0.0968935263720023,0.0922198893173397,0.0621873763600068,0.0195661261293912,0.0785696774580763,-0.071160151034301,0.102408259077959,-0.00241577548137773,-0.0251195463439329,-0.0251204570347786,0.0162943199307875
"DIS",0.449057612467711,0.548409967243564,0.597579954405685,0.327137234179175,0.350601552293143,0.679212501487063,0.693722576302751,0.726888466854142,0.403121590548458,0.627981811982444,0.250161855205499,0.479124442504104,0.628067415043781,0.661613154102013,0.672451337016314,0.627292211853441,0.414635966678193,0.611746530378469,0.62494012335345,0.477459931306552,0.418674740329059,-0.0123293019721632,1,0.202889517795463,0.640102648755138,0.415607170847901,0.510422198873533,0.466020068681504,0.531972162963695,0.702887885219644,0.330249974485842,0.381426221364596,0.352477394926312,0.311968459481507,0.263083904058073
"NFLX",0.513761798354946,0.5716271947132,0.477149236466547,0.641892835155384,0.427774217907908,0.0783095920399622,0.0841928296127772,0.252244008612183,0.326410217514146,0.133526050856798,0.406792500660241,0.319284924466457,0.0688701183849854,0.0668625291786296,0.111453158520941,0.168447204628977,0.29243946890077,0.104658536966099,0.177877496128267,0.2105439285212,0.165534966888447,0.0315643570850714,0.202889517795463,1,0.135784332623675,0.533060932430211,0.384215918233213,0.37822940803218,0.228257700644665,0.211172470364293,0.453130502725698,0.27587579702101,0.2806786812205,0.207753983289316,0.163288822532386
"T",0.436366940061567,0.496358159880364,0.533523456289652,0.268901377970875,0.237014308067288,0.702516964271923,0.735991327931669,0.638226961354532,0.635649526729517,0.756185008975494,0.38828315516129,0.648141866663471,0.551974360925653,0.642759282104468,0.570519362002281,0.529522010344954,0.44749041809381,0.655884072372735,0.697479773861533,0.620807474637718,0.545355611994556,0.0968935263720023,0.640102648755138,0.135784332623675,1,0.321196136774401,0.577082796445597,0.506605397698089,0.65481017467718,0.69875513746671,0.522977936817632,0.289810570969747,0.294426841920278,0.234444482925736,0.229553580017997
"NVDA",0.724466990244769,0.753144791923284,0.653789091114131,0.653123500171077,0.536476620498196,0.306273947605487,0.339126262671711,0.581510965043905,0.464022808363793,0.370265812041323,0.442281759488418,0.55819634437508,0.336820108410244,0.348992963158195,0.316741949066481,0.370469608550326,0.429810288412788,0.32825505191654,0.390802234176124,0.404409547183353,0.332864708531082,0.0922198893173397,0.415607170847901,0.533060932430211,0.321196136774401,1,0.531092579615749,0.526028400923777,0.408832904119006,0.42323154692222,0.524802069713458,0.299659810690135,0.299123112948683,0.271527060620465,0.218826678296585
"ORCL",0.539140389805859,0.622999955739877,0.551231440557858,0.49170729904059,0.260904619851806,0.520980035926954,0.562548152769542,0.539612520253664,0.62894984998163,0.527018695409332,0.487160099548983,0.663652566605614,0.336232666780495,0.42596927824618,0.372710529572365,0.422931506351016,0.500555117565712,0.492726862013009,0.510610259365448,0.562127607035778,0.532156363344289,0.0621873763600068,0.510422198873533,0.384215918233213,0.577082796445597,0.531092579615749,1,0.50699884731501,0.5824323408222,0.533596858508261,0.541576510917827,0.314700874724919,0.298818801001767,0.262375182180829,0.225071692222802
"INTC",0.52414929185164,0.611360371484248,0.572202151032821,0.445417243797015,0.338507731944458,0.433777235041336,0.451445795275925,0.542966443520968,0.445555391750277,0.492304190950525,0.407768942784556,0.551417413771181,0.419735382023564,0.45137172333192,0.436021562303205,0.465864392887628,0.394836935034709,0.42647781181615,0.439045156659569,0.477694945049359,0.44584965683547,0.0195661261293912,0.466020068681504,0.37822940803218,0.506605397698089,0.526028400923777,0.50699884731501,1,0.476222276282717,0.473974141885563,0.513142158775804,0.301828755081039,0.299859312912842,0.228780318616757,0.196739101543122
"LMT",0.470315171775169,0.539376292408147,0.529987465858671,0.304366274224657,0.224318271424768,0.576117682845371,0.588111251910273,0.643368417392096,0.685018029999033,0.663704960773172,0.462835034285067,0.703138720834649,0.476026890584181,0.55672218486325,0.456445218150022,0.549624347411506,0.494757846988701,0.593078617323414,0.644554474249872,0.621644010007506,0.604141781425167,0.0785696774580763,0.531972162963695,0.228257700644665,0.65481017467718,0.408832904119006,0.5824323408222,0.476222276282717,1,0.523975143651399,0.558638215140462,0.332491329660163,0.332270557335343,0.254753956653982,0.220232489159453
"GS",0.514404218487764,0.539939024500941,0.578669781566913,0.293007769346818,0.392408962023425,0.857260102291043,0.84549321660145,0.702902990201901,0.418323809033028,0.669427106173165,0.215223929619156,0.522541691022313,0.711512818087787,0.707050973713583,0.725381457150089,0.658725678946498,0.418167316464844,0.683092417973987,0.659543929944529,0.48802393315962,0.41741401110493,-0.071160151034301,0.702887885219644,0.211172470364293,0.69875513746671,0.42323154692222,0.533596858508261,0.473974141885563,0.523975143651399,1,0.36103321709652,0.359139979583186,0.330978617500446,0.299299545083765,0.263147921686674
"COST",0.587213294020446,0.675927833037582,0.585158787538288,0.568385866124733,0.294732337174181,0.269915817336847,0.302863232618242,0.509038801797707,0.705927322139252,0.445905870351071,0.714581844968128,0.627416182096246,0.153171535720667,0.248057507683477,0.236668866065699,0.221206451318392,0.46561686247347,0.359777606108346,0.456078155987158,0.568735606584712,0.45279869113373,0.102408259077959,0.330249974485842,0.453130502725698,0.522977936817632,0.524802069713458,0.541576510917827,0.513142158775804,0.558638215140462,0.36103321709652,1,0.337056224054669,0.329387986862244,0.286563901980616,0.189904715932713
"BTC.USD",0.344266298064092,0.373444404739671,0.35247841672421,0.297137333087247,0.244344034637885,0.258757333417171,0.293235761326095,0.351918517799741,0.311761420260285,0.272760334412659,0.281456768085359,0.329081450985403,0.245416767632138,0.318977442598084,0.354557137287769,0.28058571770467,0.21889811244749,0.321594057209301,0.312420964510976,0.2416959177074,0.139574928559502,-0.00241577548137773,0.381426221364596,0.27587579702101,0.289810570969747,0.299659810690135,0.314700874724919,0.301828755081039,0.332491329660163,0.359139979583186,0.337056224054669,1,0.840412029683238,0.858148087837911,0.46068268470502
"ETH.USD",0.343442395880855,0.368278756369349,0.34185389994637,0.281984208694685,0.27689084657237,0.240838013646253,0.26800529967405,0.357270441771092,0.305813728782915,0.256336664967247,0.329033066572583,0.306380901071177,0.244810097712025,0.29908944144271,0.350955700015425,0.310361840817437,0.22804891826455,0.312785277927273,0.320191007736971,0.224530245327123,0.159174172222436,-0.0251195463439329,0.352477394926312,0.2806786812205,0.294426841920278,0.299123112948683,0.298818801001767,0.299859312912842,0.332270557335343,0.330978617500446,0.329387986862244,0.840412029683238,1,0.849500178851275,0.617729299570353
"LTC.USD",0.317412127483602,0.334752370268988,0.294460835549517,0.263489096782959,0.237668239520965,0.217993829707975,0.246086000128256,0.301708744849975,0.281897403465165,0.240129040325958,0.27412785848174,0.283371814460657,0.209493390095541,0.240133956095686,0.306460716519133,0.254485677501888,0.180306428968719,0.270781487713627,0.257495980381629,0.219479423591333,0.120882831950741,-0.0251204570347786,0.311968459481507,0.207753983289316,0.234444482925736,0.271527060620465,0.262375182180829,0.228780318616757,0.254753956653982,0.299299545083765,0.286563901980616,0.858148087837911,0.849500178851275,1,0.564509066604948
"XRP.USD",0.185612256143697,0.245923641185176,0.186524408003519,0.144893953135118,0.212273129997799,0.20225259230945,0.222468079531501,0.248608395540934,0.219763660108921,0.151486688149617,0.208616334744788,0.212940831978361,0.234870419354067,0.273523746124642,0.270457688923102,0.246978155254828,0.193719996753151,0.21090172044468,0.257325806284099,0.143154039839308,0.129697910544624,0.0162943199307875,0.263083904058073,0.163288822532386,0.229553580017997,0.218826678296585,0.225071692222802,0.196739101543122,0.220232489159453,0.263147921686674,0.189904715932713,0.46068268470502,0.617729299570353,0.564509066604948,1
